222222222222222222222222222222222222222222222222222
242424242424242424242424242424242424242424242424242
222222222222222222222222222222222222222222222222222
242424242424242424242424242424242424242424242424242
222222222222222222222222222222222222222222222222222
242424242424242424242424242424242424242424242424242
222222222222222222222222222222222222222222222222222
242424242424242424242424242424242424242424242424242
222222222222222222222222222222222222222222222222222
242424242424242424242424242424242424242424242424242
222222222222222222222222222222222222222222222222222
242424242424242424242424242424242424242424242424242
222222222222222222222222222222222222222222222222222
242424242424242424242424242424242424242424242424242
222222222222222222222222222222222222222222222222222
242424242424242424242424242424242424242424242424242
222222222222222222222222222222222222222222222222222
242424242424242424242424242424242424242424242424242
222222222222222222222222222222222222222222222222222
242424242424242424242424242424242424242424242424242
222222222222222222222222222222222222222222222222222