000000000000000000000000000000000000000000000000000
040404040404040404040404040404040404040404040404040
000000000000000000000000000000000000000000000000000
040404040404040404040404040404040404040404040404040
000000000000000000000000000000000000000000000000000
040404040404040404040404040404040404040404040404040
000000000000000000000000000000000000000000000000000
040404040404040404040404040404040404040404040404040
000000000000000000000000000000000000000000000000000
040404040404040404040404040404040404040404040404040
000000000000000000000000000000000000000000000000000
040404040404040404040404040404040404040404040404040
000000000000000000000000000000000000000000000000000
040404040404040404040404040404040404040404040404040
000000000000000000000000000000000000000000000000000
040404040404040404040404040404040404040404040404040
000000000000000000000000000000000000000000000000000
040404040404040404040404040404040404040404040404040
000000000000000000000000000000000000000000000000000
040404040404040404040404040404040404040404040404040
000000000000000000000000000000000000000000000000000