333333333333333333333333333333333333333333333333333
343434343434343434343434343434343434343434343434343
333333333333333333333333333333333333333333333333333
343434343434343434343434343434343434343434343434343
333333333333333333333333333333333333333333333333333
343434343434343434343434343434343434343434343434343
333333333333333333333333333333333333333333333333333
343434343434343434343434343434343434343434343434343
333333333333333333333333333333333333333333333333333
343434343434343434343434343434343434343434343434343
333333333333333333333333333333333333333333333333333
343434343434343434343434343434343434343434343434343
333333333333333333333333333333333333333333333333333
343434343434343434343434343434343434343434343434343
333333333333333333333333333333333333333333333333333
343434343434343434343434343434343434343434343434343
333333333333333333333333333333333333333333333333333
343434343434343434343434343434343434343434343434343
333333333333333333333333333333333333333333333333333
343434343434343434343434343434343434343434343434343
333333333333333333333333333333333333333333333333333