111111111111111111111111111111111111111111111111111
141414141414141414141414141414141414141414141414141
111111111111111111111111111111111111111111111111111
141414141414141414141414141414141414141414141414141
111111111111111111111111111111111111111111111111111
141414141414141414141414141414141414141414141414141
111111111111111111111111111111111111111111111111111
141414141414141414141414141414141414141414141414141
111111111111111111111111111111111111111111111111111
141414141414141414141414141414141414141414141414141
111111111111111111111111111111111111111111111111111
141414141414141414141414141414141414141414141414141
111111111111111111111111111111111111111111111111111
141414141414141414141414141414141414141414141414141
111111111111111111111111111111111111111111111111111
141414141414141414141414141414141414141414141414141
111111111111111111111111111111111111111111111111111
141414141414141414141414141414141414141414141414141
111111111111111111111111111111111111111111111111111
141414141414141414141414141414141414141414141414141
111111111111111111111111111111111111111111111111111